1E-07
10
9634503 646282 239061 827450 765843 431706 542417 47639 347449 586649
530139 8052887 575972 542728 349404 629705 770856 332715 560513 170038
593729 685866 7011071 587482 404841 509603 101015 542878 251314 318053
795707 639317 645334 9429375 231535 832881 909445 485278 454769 474483
381430 540007 295310 721573 7688808 83803 512178 472366 159780 636325
302933 658537 43592 262340 25257 8064072 558468 330783 226930 54869
624003 546714 717607 632259 401219 775627 7912011 24407 338957 435637
418361 879901 182284 927804 479809 136603 561647 9452443 850211 442787
380454 406873 381267 71070 311800 19556 448129 257888 7182158 153860
419719 176612 313678 150833 333878 609635 602253 442949 326645 7572237
7386036 8905860 7557845 8971620 7030356 9736282 8334357 8871363 7217524 9453146